955
500
604
973
184
458
16
92
856
283
657
491
369
812
313
734
224
420
969
586
927
554
98
572
193
780
95
204
887
812
114
859
483
962
876
773
566
713
356
976
53
298
100
494
418
190
993
697
365
222
184
1
150
978
25
962
555
858
792
381
110
559
36
769
610
88
844
714
411
734
432
808
920
92
270
788
113
158
462
99
742
824
341
637
683
124
564
838
346
772
189
700
109
737
279
879
226
871
730
44
761
102
960
357
522
229
587
352
727
209
235
381
702
278
899
698
509
129
905
412
312
840
89
801
30
860
838
525
442
670
750
641
461
895
623
566
675
782
872
362
290
517
66
491
301
771
665
841
697
995
5
194
521
840
834
548
18
741
359
1
226
40
7
969
130
481
887
110
50
740
106
413
463
700
595
846
18
947
827
844
585
592
553
84
533
507
349
259
270
269
941
823
263
769
497
188
342
977
458
209
968
412
461
648
456
810
716
416
233
655
425
133
330
119
621
676
235
11
658
86
944
496
339
321
741
152
297
17
694
646
104
188
232
194
423
16
482
989
374
871
558
93
115
433
9
77
743
734
698
160
252
890
286
947
295
15
885
417
268
634
515
572
357
478
345
85
184
722
982
906
403
536
289
829
80
572
844
484
241
724
887
968
825
827
759
284
566
741
107
540
521
34
763
79
826
199
231
307
297
532
532
958
330
350
72
1
510
699
177
249
602
202
958
14
826
450
177
12
270
316
993
871
516
831
410
987
479
639
278
331
847
204
647
292
840
589
996
987
779
71
698
634
354
959
741
408
149
832
824
646
247
390
976
241
270
38
484
46
206
406
925
896
201
307
320
40
153
460
784
812
59
413
486
618
148
905
511
222
183
345
905
444
343
507
10
796
308
303
721
101
662
188
361
603
725
466
180
198
135
828
634
598
695
767
368
234
629
900
804
985
75
992
985
829
440
192
374
390
493
338
417
470
155
432
121
414
317
22
270
84
52
687
994
542
202
648
939
465
23
343
514
502
197
463
364
277
112
731
667
652
786
223
205
750
13
89
241
443
6
488
449
665
447
889
680
14
815
399
701
772
447
368
590
515
301
932
341
141
798
784
335
922
934
746
411
380
765
715
57
433
486
349
260
748
375
252
664
965
135
309
434
142
563
250
297
638
286
471
830
352
216
632
399
737
154
201
539
557
295
558
247
909
638
6
815
47
696
331
465
351
471
432
877
581
311
40
535
730
298
374
918
319
789
416
273
418
335
837
801
987
501
410
932
67
833
482
231
549
983
647
951
120
972
755
936
143
883
26
12
732
237
235
546
604
12
535
272
785
313
717
959
763
395
183
809
542
196
4
531
337
623
778
819
21
298
356
817
58
771
952
926
533
613
558
66
176
880
95
357
520
540
313
531
926
179
883
641
816
556
408
874
91
108
941
440
985
571
803
836
232
48
320
605
631
342
792
670
60
335
908
535
391
527
123
43
987
872
409
936
259
483
904
161
783
728
253
53
84
440
332
787
418
117
296
848
596
763
113
375
517
577
529
711
53
923
643
82
898
457
342
147
262
565
565
27
817
361
830
634
884
980
464
76
661
428
648
428
294
957
471
261
32
215
525
541
689
411
986
685
460
385
693
872
447
590
928
883
888
271
915
818
733
648
655
843
279
391
798
97
340
583
661
415
530
125
495
973
287
502
497
386
224
796
769
808
138
466
751
977
557
570
390
581
840
594
595
376
844
265
830
847
578
905
170
85
974
281
756
979
419
781
305
167
238
612
830
780
499
582
170
433
475
993
511
628
16
648
688
775
279
588
103
313
256
22
76
254
870
932
541
750
765
360
25
111
403
411
337
68
950
971
905
67
420
167
121
516
493
951
990
547
598
806
96
801
393
89
146
735
725
294
13
929
552
963
234
818
737
483
954
505
539
210
285
658
800
983
530
130
77
809
403
30
266
61
178
441
29
530
164
576
63
541
552
655
98
413
498
234
348
841
276
186
982
588
790
642
455
675
831
103
460
511
344
768
966
820
646
609
654
656
499
67
563
14
791
913
895
476
912
379
170
829
533
253
148
910
931
831
857
870
199
162
371
830
419
858
333
888
901
323
611
735
750
940
497
99
786
156
768
953
696
291
77
939
284
459
179
855
901
635
811
344
710
286
900
473
1
74
5
219
674
729
418
515
663
639
680
274
196
743
858
937
703
960
118
660
939
991
853
764
151
739
754
542
680
310
640
652
419
108
825
42
80
302
229
392
878
541
114
938
725
802
536
753
618
314
857
633
194
143
737
770
249
53
876
916
98
843
646
602
86
282
119
844
235
94
22
407
594
813
799
302
907
181
883
627
709
110
327
942
696
208
650
807
840
57
404
766
853
924
84
531
163
310
6
378
384
279
799
391
941
184
359
167
869
918
914
990
252
773
417
207
639
717
814
227
918
980
730
696
561
948
430
873
564
152
325
947
744
379
414
734
913
486
845
6
154
623
719
372
543
663
207
420
555
71
882
631
53
678
664
361
640
893
592
60
180
817
54
761
53
780
923
509
538
243
207
113
497
677
344
18
602
331
721
815
545
461
136
195
252
473
106
512
916
532
302
175
314
806
770
701
861
454
708
824
390
46
112
299
320
436
847
242
381
770
165
396
822
117
373
597
559
235
599
934
335
755
657
151
629
129
430
15
150
713
940
15
234
328
61
597
71
717
62
517
586
476
245
982
918
750
476
654
839
452
830
757
736
875
916
601
376
838
181
764
224
830
725
197
828
787
136
551
179
457
83
15
193
877
90
380
80
43
659
546
104
333
310
529
825
514
41
291
288
641
739
734
67
634
656
784
797
961
317
822
587
582
658
461
380
145
601
644
104
904
985
752
550
792
442
782
52
214
888
404
289
91
129
675
208
605
837
835
779
305
937
355
879
602
699
241
55
507
842
420
807
838
994
511
238
981
856
578
158
401
949
513
943
811
997
787
344
350
337
715
397
223
511
990
949
545
61
54
764
261
827
359
849
478
524
619
215
20
545
557
759
816
618
684
696
695
979
743
587
472
478
752
437
873
955
188
293
842
93
173
569
357
780
194
74
344
440
38
623
255
143
284
388
921
307
35
31
510
276
327
864
980
241
836
288
696
531
63
917
188
64
224
714
770
450
306
515
785
339
43
159
549
978
482
844
482
288
263
700
626
592
752
88
426
814
834
612
811
327
801
341
308
253
602
262
195
72
665
895
802
259
646
832
493
831
338
922
553
383
965
400
763
814
661
373
469
879
986
502
618
168
837
626
430
739
959
898
5
346
906
189
435
640
541
493
537
396
24
452
230
740
625
410
292
557
376
34
252
935
476
358
590
36
250
620
161
234
990
447
421
686
45
521
195
211
832
43
84
605
803
739
221
405
950
284
489
37
799
699
581
252
883
480
196
78
917
953
253
912
247
930
908
696
928
135
412
261
504
669
725
120
458
618
967
101
963
639
670
59
679
678
5
651
536
564
121
15
507
161
85
283
706
653
145
78
119
791
351
377
859
691
444
586
460
347
154
235
736
608
729
562
452
390
748
441
573
818
940
351
564
533
232
589
654
143
179
707
452
386
162
695
764
82
679
346
355
796
987
751
796
762
671
238
151
653
959
80
804
690
350
436
8
247
365
147
507
586
903
938
712
193
394
71
719
423
235
641
615
965
460
934
949
472
228
459
1000
697
317
701
452
157
544
524
854
413
254
83
188
137
60
113
181
417
509
661
712
417
913
126
365
728
123
885
347
582
610
463
262
101
212
779
969
865
804
791
122
967
925
457
833
135
77
789
124
73
279
475
534
888
921
970
684
551
313
313
110
555
806
754
116
251
661
672
1
937
115
307
655
443
869
641
171
823
264
468
576
898
661
531
207
799
577
51
738
491
95
988
582
304
784
511
550
207
701
93
634
427
762
680
492
472
637
201
337
402
445
184
947
71
457
226
469
838
97
901
913
403
237
17
298
654
318
767
163
703
161
818
41
592
19
760
89
242
288
745
573
305
458
654
630
353
761
531
638
51
482
772
394
904
475
910
582
730
40
166
876
715
828
363
683
551
939
939
704
399
78
174
198
390
769
434
829
406
300
865
248
272
156
185
342
618
340
544
432
791
570
824
218
541
709
446
595
88
560
190
1000
258
65
919
213
685
120
534
767
717
317
729
204
501
805
403
633
19
508
449
657
791
334
668
959
648
687
282
1
369
587
916
217
338
916
763
478
179
616
543
603
128
592
19
195
350
529
758
494
947
204
465
466
741
880
599
292
154
630
842
893
28
260
786
483
213
932
333
680
803
116
149
977
758
32
719
421
911
752
295
148
730
373
284
113
930
181
937
672
716
645
388
456
740
657
671
54
531
253
665
99
28
771
475
662
961
819
961
987
489
429
135
786
9
554
750
636
922
272
670
784
570
602
561
307
154
128
602
367
405
766
686
343
354
814
739
828
648
498
874
968
298
506
810
848
394
118
342
960
3
495
941
733
827
619
232
653
696
137
449
178
909
761
271
973
480
551
57
141
519
7
15
254
117
158
237
929
356
150
931
453
491
682
188
94
693
288
622
72
832
575
478
607
89
433
157
455
633
638
637
93
619
634
683
431
667
531
697
928
968
264
250
921
98
706
338
617
82
32
331
146
654
310
268
195
606
99
279
314
752
844
428
511
339
21
433
479
936
543
487
383
808
416
548
873
467
340
790
171
569
873
241
73
615
116
162
75
427
995
16
105
670
797
757
829
912
746
950
350
966
663
950
211
512
125
78
354
387
377
355
709
102
46
198
568
965
851
681
554
466
701
396
2
965
22
488
493
605
194
985
112
71
218
125
398
950
157
754
827
540
952
709
375
900
804
882
645
790
175
966
969
264
101
473
259
140
943
348
312
696
359
777
388
654
267
383
525
795
582
581
216
823
176
136
99
760
553
773
443
47
558
593
720
594
682
661
183
665
18
981
274
642
205
262
56
852
128
126
601
602
283
213
874
863
533
636
259
7
135
338
736
849
56
88
358
402
37
634
85
901
865
715
957
873
609
897
306
328
276
653
71
683
101
387
806
412
153
367
61
176
540
558
241
424
791
578
279
277
534
534
125
505
542
293
138
857
985
807
990
760
971
722
836
950
74
555
421
217
76
797
865
262
68
736
253
553
615
696
125
546
401
863
501
553
544
399
542
991
633
906
432
874
231
519
956
122
83
14
138
598
879
634
274
205
156
611
109
112
236
190
868
203
392
615
243
153
18
504
30
141
553
638
667
741
146
976
367
334
320
815
377
617
358
680
421
833
629
165
538
476
42
591
397
393
547
700
630
73
132
850
812
836
564
939
60
813
612
222
733
712
823
55
191
275
780
386
367
14
49
734
432
975
51
599
897
233
75
37
327
339
802
723
532
868
669
597
995
379
933
94
210
916
330
93
967
702
180
411
686
84
444
91
763
720
27
752
765
369
90
379
210
937
618
463
660
379
419
904
988
781
124
954
389
88
174
500
997
22
519
563
180
707
568
174
500
289
154
163
534
139
173
886
798
484
229
443
76
378
122
115
204
157
919
75
827
288
332
851
877
11
362
278
553
677
810
819
166
31
519
570
364
12
774
900
717
367
190
558
936
390
241
859
792
864
516
753
249
193
175
567
967
824
544
983
992
819
112
10
371
130
310
639
553
407
678
892
512
202
603
797
55
374
460
368
114
435
758
770
463
978
760
787
965
13
937
9
885
124
719
398
749
839
997
623
663
389
436
125
440
642
434
121
170
850
553
948
251
416
891
850
963
414
807
830
746
214
352
812
957
436
741
386
888
988
659
577
873
513
346
460
260
321
47
483
624
593
994
188
397
233
815
46
478
698
427
981
575
407
887
553
387
632
242
624
553
39
705
642
295
720
129
841
158
150
461
860
919
576
755
404
809
843
860
383
215
521
838
925
34
817
997
482
352
490
767
688
836
263
538
624
15
508
268
191
716
88
286
707
171
917
251
776
613
464
639
942
984
974
434
335
958
950
459
513
5
639
154
233
797
847
978
76
319
29
762
458
480
844
306
595
445
360
698
484
753
79
783
200
958
531
31
925
327
548
519
146
963
170
883
15
291
46
844
93
598
794
700
368
196
685
121
11
726
968
610
733
862
234
143
963
529
976
904
275
395
826
740
428
999
397
473
214
649
485
856
822
258
583
112
542
620
134
377
207
744
644
367
945
678
263
729
129
720
426
608
847
408
166
117
515
811
957
484
983
715
695
969
271
320
251
368
815
707
190
418
495
141
601
763
474
298
906
613
943
501
150
136
35
939
392
236
402
741
442
42
933
284
825
13
617
692
67
297
220
969
255
656
179
989
82
8
530
418
598
412
734
690
51
814
856
232
373
781
57
598
32
97
928
58
985
413
609
104
992
301
140
395
678
651
892
238
234
452
362
947
879
983
251
839
710
165
194
220
328
794
261
953
888
343
440
153
560
606
582
89
19
848
607
793
357
969
526
48
539
313
709
481
209
931
139
440
73
970
181
822
815
995
653
168
968
595
902
975
494
229
896
832
671
936
730
513
201
331
281
418
697
618
351
4
269
950
546
812
917
267
804
838
589
945
609
349
598
808
749
672
626
669
866
925
467
623
34
541
484
329
571
595
70
118
833
849
897
608
857
498
176
145
250
443
227
316
665
202
754
369
247
688
197
908
307
263
421
70
275
550
5
645
7
202
481
361
887
753
944
354
367
616
188
645
216
983
693
335
470
113
94
168
739
709
840
808
957
727
451
122
597
499
570
249
866
951
184
802
32
324
160
682
279
326
487
707
447
485
814
163
970
239
941
908
317
994
418
190
512
593
812
693
747
97
116
658
639
730
863
322
178
977
646
854
540
319
313
640
309
136
685
364
556
944
857
901
551
458
981
907
321
148
960
641
532
546
597
928
131
499
346
882
464
561
974
96
902
316
630
787
713
329
889
89
813
961
511
309
535
272
963
727
109
914
435
425
90
789
761
130
261
472
445
170
619
141
979
309
76
49
482
808
351
653
173
144
231
97
128
228
347
804
197
974
438
639
764
252
161
916
712
118
818
780
4
134
956
613
821
440
724
896
233
295
227
512
608
917
201
229
404
296
585
137
227
370
673
849
201
742
625
117
519
151
252
614
77
873
884
806
274
467
692
728
370
500
577
789
624
691
488
829
601
535
443
436
21
107
359
930
717
412
782
208
586
187
911
754
755
191
843
337
841
620
163
487
836
748
740
566
734
517
228
338
888
803
511
549
593
795
715
319
201
22
382
848
428
914
240
536
103
865
224
644
521
906
163
170
708
589
997
133
212
560
351
822
812
290
101
976
714
150
418
201
779
134
485
702
474
233
25
282
474
585
297
577
563
707
71
707
986
163
367
81
440
200
983
890
89
539
13
790
580
16
466
446
661
409
390
914
770
702
921
48
823
598
287
878
353
843
83
384
958
67
885
404
767
191
578
93
809
678
560
292
986
322
488
444
194
841
631
172
662
220
378
577
454
281
464
986
78
581
537
948
860
311
82
687
745
766
845
40
830
22
198
235
66
592
610
664
247
1
252
386
559
234
659
885
27
832
119
22
95
46
831
488
561
518
172
769
765
804
912
932
184
520
215
209
777
561
488
115
24
912
214
64
182
821
178
570
997
887
443
941
877
808
826
942
183
71
778
510
143
52
773
667
49
887
447
112
835
743
986
652
208
925
307
311
54
179
759
429
376
963
454
615
512
957
656
834
497
686
393
947
131
432
736
345
846
425
58
764
420
147
789
970
108
762
680
846
328
10
376
718
920
455
342
312
28
237
60
28
25
549
754
276
388
972
597
31
499
818
699
691
288
449
516
805
737
884
621
713
112
124
677
892
101
960
212
551
892
919
65
563
617
773
98
382
846
468
56
850
362
20
187
900
650
722
473
777
337
782
478
419
227
80
400
501
507
389
575
488
334
76
355
287
222
751
454
664
325
762
467
563
584
82
533
274
794
277
763
267
149
751
130
364
537
164
959
60
674
920
458
566
597
615
393
481
987
546
51
407
749
858
923
615
180
953
182
967
402
672
321
359
459
282
804
165
747
657
280
391
284
168
24
481
780
284
199
801
719
85
30
126
819
891
120
908
743
872
315
233
699
506
248
647
143
626
375
947
217
986
306
349
923
86
392
618
711
426
531
237
767
457
47
148
57
465
641
837
588
240
148
501
509
876
174
785
446
322
57
917
502
375
468
26
678
844
176
372
382
783
999
435
14
998
788
81
846
411
479
909
274
587
70
230
50
957
609
480
178
883
211
500
321
509
806
544
528
233
753
236
419
939
940
27
432
853
16
574
19
678
528
661
155
84
765
393
466
543
350
967
934
345
75
543
385
56
97
844
311
999
426
657
431
16
460
604
76
629
103
854
967
754
163
675
778
908
62
220
189
102
725
512
737
258
971
254
146
462
289
420
580
260
442
9
561
842
818
273
568
20
388
720
314
407
549
556
427
396
686
353
487
411
276
997
746
438
70
110
4
396
780
824
801
10
527
475
108
290
74
633
307
440
295
919
116
325
878
862
788
100
804
218
614
702
24
928
914
123
665
602
6
73
15
853
938
32
852
824
906
303
63
401
828
242
106
206
816
284
592
286
169
648
858
515
776
68
806
205
558
213
725
49
685
498
949
762
750
407
528
700
26
120
57
329
833
699
281
273
487
863
334
686
526
244
143
331
366
325
250
21
29
22
837
311
578
372
914
697
568
856
971
57
754
92
353
924
868
260
698
796
51
988
37
521
977
141
700
741
18
591
117
840
274
330
979
922
326
576
866
672
389
2
91
566
900
64
865
302
880
259
880
959
776
132
477
898
368
927
452
431
570
559
322
464
9
268
565
109
466
462
428
461
806
383
720
762
942
174
797
938
319
539
697
629
728
838
838
595
678
938
683
40
21
412
611
304
441
755
453
194
944
210
417
25
377
480
292
539
213
743
490
46
634
906
274
975
577
203
52
634
144
4
749
184
764
524
464
298
815
610
791
440
4
393
372
491
860
728
569
587
719
387
448
719
39
43
338
21
651
892
413
59
557
113
679
393
674
168
35
95
38
414
514
15
752
779
980
896
443
619
671
786
528
849
995
459
596
709
841
188
905
637
385
757
808
201
930
525
512
884
994
311
61
523
493
367
911
511
518
571
908
800
754
312
299
289
686
980
846
412
689
217
748
316
652
436
172
165
139
590
814
292
195
239
129
238
911
637
377
589
23
594
420
554
106
211
623
689
710
238
833
186
44
186
345
533
111
908
492
226
479
344
742
94
289
903
218
890
920
91
934
899
308
433
845
788
598
143
219
839
321
251
731
527
126
653
582
728
739
694
581
759
594
752
945
189
970
449
685
916
647
459
96
294
478
79
791
46
459
774
74
975
602
97
570
769
594
992
53
784
503
741
892
921
470
556
307
835
596
662
585
850
558
169
1000
708
719
186
815
731
325
194
948
495
106
617
123
803
825
584
839
471
593
415
972
282
794
123
182
615
920
474
614
113
568
210
863
5
413
941
266
753
568
315
926
505
529
461
298
736
363
164
54
71
257
565
120
269
779
388
941
72
993
436
677
650
741
383
227
163
57
2
826
300
528
46
545
823
27
603
176
442
537
797
670
599
360
481
831
831
89
544
232
390
409
300
50
685
379
489
9
392
140
845
683
942
266
67
684
385
446
386
216
43
701
98
42
382
751
633
505
435
713
105
353
934
546
512
115
402
182
417
242
956
862
647
683
627
868
802
832
110
300
751
873
613
6
352
566
167
190
303
140
746
119
666
12
419
63
343
559
791
141
681
530
98
145
801
125
840
294
636
530
625
534
614
64
512
167
473
341
454
410
226
918
990
714
193
255
17
717
842
620
674
565
45
637
577
689
237
238
766
513
623
597
8
407
343
446
320
409
438
126
664
589
849
932
780
314
490
734
583
738
437
896
601
532
481
427
409
393
472
161
659
68
334
949
16
175
509
457
704
853
753
787
771
273
864
824
929
831
234
299
914
951
242
808
393
10
652
780
603
480
82
314
954
94
611
212
185
803
752
218
545
752
878
978
127
62
342
257
618
524
888
965
937
309
322
949
251
180
156
323
737
420
58
621
301
118
22
873
745
7
34
16
45
155
733
361
765
819
583
495
950
290
450
912
996
947
518
116
102
787
761
352
818
852
567
375
997
941
773
570
973
536
903
447
963
647
963
467
570
584
323
989
279
747
196
596
839
977
350
514
216
651
311
155
488
355
896
205
694
61
473
224
370
743
177
87
670
637
453
810
373
880
725
672
98
736
793
975
529
78
821
351
183
712
594
262
558
751
284
678
819
879
359
770
321
97
724
271
383
948
510
957
955
616
125
285
175
32
404
447
583
673
806
723
852
869
908
102
565
823
818
553
926
327
54
433
258
549
6
425
707
367
938
470
716
387
911
990
449
851
718
33
278
739
815
291
740
230
562
415
771
106
917
683
435
920
345
355
92
217
569
766
904
920
115
614
753
651
487
10
95
585
383
411
879
395
200
827
596
251
683
910
590
854
152
645
226
343
156
392
352
897
497
601
431
804
815
559
958
731
236
116
952
539
202
774
750
39
894
288
329
695
361
486
278
357
985
22
472
810
332
112
415
380
885
339
301
51
290
546
349
516
700
114
594
325
618
594
113
638
920
259
551
518
164
603
455
202
383
436
23
646
351
708
630
100
495
705
217
626
990
249
714
277
771
663
23
84
679
943
674
258
861
408
81
464
484
438
442
272
336
795
642
356
163
964
63
219
698
279
34
659
54
144
345
389
301
502
449
664
245
1
607
37
147
226
522
460
514
268
605
939
238
960
275
478
488
117
96
307
597
921
511
515
574
365
338
236
503
896
830
934
936
772
803
562
800
776
104
776
529
395
95
790
660
991
946
668
299
520
714
217
626
592
495
260
191
898
390
818
795
621
59
199
145
174
410
631
324
860
788
62
114
445
519
452
242
83
135
878
367
130
865
208
178
462
780
337
802
463
528
436
726
675
257
275
506
887
198
986
209
558
94
64
902
967
648
904
799
1
241
830
478
795
748
467
461
803
392
969
256
851
97
701
675
898
607
121
25
963
284
275
303
604
154
474
747
683
72
33
405
661
299
921
154
855
501
624
611
584
687
731
484
90
769
605
59
201
71
430
297
770
498
1
1
747
720
851
579
501
321
164
482
597
587
729
100
894
34
698
568
266
825
63
353
659
533
617
757
959
736
929
481
137
425
113
977
640
944
272
603
948
801
507
939
894
585
874
404
94
829
392
618
373
776
62
793
850
9
744
380
498
215
530
699
650
426
268
462
110
542
807
654
906
83
118
449
289
68
900
355
760
94
522
614
732
588
413
110
267
782
248
809
746
256
62
645
380
642
785
714
381
323
309
358
655
365
775
950
798
374
249
291
11
696
86
678
863
916
107
31
873
128
26
8
458
143
798
322
535
244
587
311
314
718
479
470
761
571
821
860
98
255
145
911
694
822
867
882
76
285
369
31
371
153
761
416
424
593
742
635
969
94
101
102
517
452
824
324
301
88
729
698
473
286
810
572
971
951
202
985
847
112
33
928
176
50
199
494
921
940
625
178
629
652
973
595
250
16
183
380
80
500
834
685
48
768
411
653
12
359
987
10
851
603
632
900
356
634
174
522
511
808
157
77
814
157
857
601
62
587
896
924
803
484
251
733
293
90
136
288
797
545
953
660
89
11
476
526
477
715
141
842
842
406
214
538
407
72
22
850
541
120
201
139
982
354
622
884
977
655
419
474
925
222
938
868
547
915
824
738
375
428
521
817
33
90
977
472
903
869
938
907
448
519
302
976
887
891
920
814
787
166
610
598
82
464
444
563
438
160
874
397
286
328
823
178
506
81
397
626
543
313
588
4
643
797
589
702
648
664
662
947
96
821
78
103
355
680
131
294
302
649
23
968
462
372
788
910
815
354
76
178
687
709
39
305
373
147
93
16
247
938
240
117
559
861
582
462
114
700
129
234
951
665
575
897
296
447
907
762
741
793
934
914
335
395
157
26
778
347
263
597
780
99
55
214
936
604
266
713
447
798
351
756
158
292
361
317
111
810
497
553
819
176
958
811
95
865
142
280
146
595
344
59
823
70
180
513
580
503
560
843
822
497
629
161
776
769
113
413
78
783
119
926
94
365
159
444
196
470
20
855
228
611
199
666
351
605
635
545
109
1
817
657
771
353
475
204
612
272
993
64
84
741
124
200
997
447
997
27
697
59
561
666
926
940
98
838
197
377
735
62
906
755
91
444
942
24
104
883
329
231
762
991
575
400
842
839
792
450
832
525
475
45
844
15
638
268
192
607
972
8
547
902
742
66
899
948
255
451
724
271
99
210
92
702
970
387
2
386
114
489
461
878
47
58
485
41
73
657
178
825
463
762
426
922
734
71
646
235
802
735
878
750
305
337
958
219
801
135
404
847
482
47
587
34
610
149
261
755
729
782
753
148
148
549
305
844
876
495
49
574
395
254
12
526
197
160
250
387
793
623
482
919
316
219
562
861
451
225
144
2
36
466
131
970
284
388
618
455
725
786
334
759
568
423
340
743
188
136
748
144
90
161
253
861
843
307
85
213
111
736
757
809
555
498
582
306
220
992
947
101
911
929
672
827
238
155
866
42
743
94
321
849
716
257
735
848
992
983
292
215
966
702
3
323
636
361
861
575
795
736
716
580
330
985
313
227
637
108
507
575
231
412
532
617
127
677
710
138
582
628
855
448
242
621
344
214
347
990
836
826
160
718
26
250
834
872
71
328
192
59
94
654
478
380
941
895
254
325
639
5
227
246
418
404
207
458
554
478
263
124
379
195
251
922
501
423
827
572
721
95
159
740
622
574
455
939
251
995
314
796
617
566
920
11
722
713
25
688
226
868
959
477
906
443
497
989
520
246
599
681
164
893
192
92
405
966
262
391
889
234
565
373
204
385
401
507
744
784
61
994
905
771
987
961
76
80
687
733
776
197
629
545
648
773
328
69
324
734
242
131
973
866
1
785
654
353
654
471
492
975
341
445
673
548
365
321
880
56
863
977
280
186
633
580
917
985
846
551
292
185
955
899
294
726
344
94
846
143
602
514
520
130
862
839
326
738
668
678
228
202
773
650
856
255
103
982
984
490
778
539
177
658
302
191
979
707
116
198
914
33
569
892
692
47
872
40
410
625
338
919
983
865
855
169
915
809
846
652
233
322
69
403
694
605
732
220
834
350
582
245
157
552
445
603
887
251
319
9
37
929
156
673
698
332
531
132
426
675
986
807
33
12
76
332
734
225
815
73
828
842
310
965
913
876
387
502
435
802
939
350
767
31
108
304
468
176
489
82
894
189
997
912
989
138
908
220
618
678
401
621
505
201
742
153
430
613
340
82
537
200
303
363
101
858
571
135
133
428
496
947
276
772
761
507
221
930
969
220
508
200
88
137
747
116
474
157
947
178
933
994
761
595
118
286
388
75
480
479
312
414
174
562
756
994
99
82
422
264
502
620
552
311
834
156
125
473
911
782
488
367
877
197
491
543
238
24
566
928
461
341
891
921
945
975
217
557
81
466
513
68
406
331
147
513
512
281
639
974
302
4
378
912
141
795
916
933
815
442
106
151
259
120
541
688
64
237
20
321
726
854
980
757
526
741
71
984
885
483
244
111
166
822
416
394
376
48
984
363
748
94
748
867
96
21
346
672
112
173
519
840
88
695
694
815
623
750
426
203
212
529
46
922
678
716
441
780
301
622
996
338
109
843
882
294
459
796
888
696
550
686
681
631
109
288
47
555
280
963
217
344
301
606
726
38
380
392
365
833
842
356
697
422
164
669
60
52
625
437
52
45
794
52
712
443
959
152
191
158
170
679
700
468
554
42
497
713
741
335
110
793
517
937
975
510
896
204
164
665
273
582
305
959
562
639
592
199
655
66
803
440
11
38
424
256
752
780
60
99
748
532
488
530
618
309
184
451
605
136
129
173
781
866
561
271
135
697
84
556
298
840
886
196
734
417
743
291
434
129
832
770
258
306
339
477
903
287
585
555
361
111
437
574
238
882
157
489
141
742
634
597
461
925
979
657
367
761
181
574
474
357
422
612
506
319
812
543
868
93
366
297
162
330
506
343
188
211
154
232
620
207
698
844
709
73
461
281
154
14
412
809
780
677
949
530
920
167
222
753
493
90
45
82
744
368
913
581
356
124
50
442
844
66
892
407
254
428
78
754
691
242
696
434
382
604
152
689
462
430
667
352
634
808
40
317
583
393
630
5
784
616
358
916
46
430
482
727
859
163
266
142
632
310
388
936
182
336
813
854
121
826
904
464
702
529
839
573
166
955
543
44
882
919
488
807
557
145
324
993
514
244
937
933
315
873
869
169
597
859
274
618
984
705
927
755
691
207
771
109
62
154
72
520
95
344
525
121
320
948
822
977
104
266
270
26
700
341
783
39
452
784
248
935
916
636
661
412
742
582
881
207
373
35
282
762
85
231
59
420
427
613
530
913
699
936
216
285
90
370
784
373
116
942
992
663
610
558
537
87
4
884
713
129
90
414
532
309
518
356
481
537
193
733
758
685
223
661
717
376
807
808
349
235
146
532
756
6
190
700
996
411
202
142
549
669
207
140
145
590
745
397
552
494
374
774
858
287
142
185
407
325
635
967
403
636
856
349
340
2
222
841
267
488
373
3
758
40
669
740
57
772
205
826
666
94
137
70
258
65
133
462
468
67
580
432
312
818
578
161
54
754
42
48
158
215
901
467
834
457
669
99
776
710
869
779
428
796
559
350
778
171
633
303
87
229
290
250
810
357
628
245
134
781
526
650
604
389
964
768
90
171
561
642
946
517
292
871
183
972
45
493
761
464
391
53
291
114
163
662
573
685
615
306
365
695
988
907
232
751
873
728
906
979
418
362
71
569
727
78
954
254
281
866
653
265
558
213
930
64
157
959
466
807
41
349
315
734
9
297
711
10
864
635
165
259
881
91
127
375
225
611
912
587
347
644
125
566
435
807
697
458
284
837
988
293
376
480
707
647
359
911
396
572
612
263
690
692
580
588
940
849
228
321
936
82
623
509
959
89
338
976
817
228
160
834
471
808
821
938
784
998
359
596
250
247
926
200
503
747
665
371
729
667
29
770
692
522
769
68
165
120
6
868
387
734
293
935
952
933
801
303
628
334
132
454
18
42
337
284
756
511
412
40
453
396
157
225
658
869
187
153
776
542
993
207
882
403
940
215
996
112
96
244
545
219
878
50
863
149
23
282
882
879
822
897
676
556
431
647
202
768
900
152
678
147
267
878
668
575
700
272
14
40
529
115
430
854
706
314
259
906
925
756
74
978
75
147
640
312
184
561
566
687
405
111
380
304
43
696
950
365
735
714
958
25
701
23
437
488
830
613
733
582
184
139
549
406
748
426
645
484
353
460
212
349
123
890
694
180
894
456
372
477
45
731
481
776
769
15
524
668
755
290
653
337
518
573
965
693
279
147
720
344
923
163
132
764
303
239
191
647
652
78
232
911
396
549
329
130
508
627
406
666
487
324
910
330
61
881
362
717
853
544
637
442
5
523
459
294
851
605
538
159
790
83
386
571
207
38
509
279
579
603
626
151
668
597
484
25
541
65
877
862
583
209
693
74
148
1
215
35
404
876
931
292
168
203
114
280
877
808
811
902
854
585
421
903
601
968
869
561
914
219
241
622
847
201
492
389
952
564
563
541
271
296
869
681
890
544
856
865
412
285
876
289
589
716
969
129
386
14
380
825
734
812
886
436
687
11
275
383
547
125
486
295
8
177
660
268
491
651
467
81
323
880
739
865
969
779
667
879
639
335
431
121
237
903
26
535
136
139
635
227
683
362
741
823
952
152
281
640
660
298
947
586
44
5
604
306
336
338
196
580
902
661
383
727
77
402
921
324
895
353
469
583
860
127
151
837
640
302
888
887
453
173
619
900
817
171
996
346
32
587
890
780
837
662
339
336
679
644
162
501
159
588
650
187
579
534
655
707
930
699
152
584
825
484
214
50
345
348
274
696
92
216
623
455
498
821
210
515
752
86
885
617
183
673
145
624
39
616
48
700
815
637
913
406
220
252
864
727
874
158
749
732
840
950
404
123
450
872
143
753
281
101
103
464
134
100
142
573
20
701
543
45
153
584
621
266
722
724
211
284
495
876
151
743
832
432
966
18
315
765
90
394
697
622
793
588
786
475
687
110
416
471
29
256
638
404
146
678
152
355
300
793
676
179
495
304
889
171
420
621
335
284
752
392
525
884
139
209
113
217
803
87
460
88
940
130
983
95
84
83
748
303
402
379
96
34
810
723
948
567
999
559
657
715
965
845
279
909
268
674
543
212
894
600
188
304
48
653
889
188
30
983
706
211
544
441
870
843
342
115
796
667
81
181
430
811
525
494
952
724
12
894
963
339
863
245
321
285
760
540
907
448
501
89
240
683
977
587
265
564
665
647
287
597
662
953
473
5
822
66
229
741
605
833
973
106
956
969
983
317
67
580
448
367
294
700
31
966
581
220
192
991
199
528
357
453
301
677
10
716
369
715
583
60
93
94
27
155
520
798
294
293
388
120
468
70
953
616
960
538
692
284
836
144
862
212
752
322
589
15
938
160
975
606
441
268
913
453
402
943
828
757
929
956
101
791
336
610
105
851
442
771
323
496
667
131
830
625
524
702
342
923
227
712
249
5
938
749
223
264
399
668
433
590
600
69
809
144
851
246
198
342
773
150
28
916
571
310
673
84
200
275
977
512
165
243
886
99
414
649
104
623
996
230
702
347
965
673
153
144
387
470
406
149
531
651
888
190
630
645
521
694
441
760
110
663
387
340
314
494
210
770
293
799
800
268
978
782
800
256
88
989
856
138
310
792
773
161
17
797
106
852
836
509
236
474
904
99
999
261
543
282
126
601
533
95
188
841
867
38
343
682
78
355
248
968
179
880
25
115
584
53
727
277
371
915
815
618
618
932
584
719
525
995
120
433
139
507
695
821
554
422
818
445
436
803
395
168
131
378
392
669
848
310
914
807
823
731
127
993
276
980
860
302
818
622
384
60
950
933
61
447
6
259
52
463
302
86
53
588
146
345
960
523
602
553
770
780
181
478
760
916
512
549
926
482
622
499
40
202
10
715
621
542
978
974
559
244
795
666
501
179
174
55
15
412
472
54
507
747
197
378
12
220
430
613
226
664
564
574
629
609
174
971
515
823
829
150
213
193
710
882
841
804
322
345
302
728
994
795
301
703
374
402
425
706
432
1000
614
964
602
920
243
639
66
872
435
197
590
448
18
479
146
481
115
697
815
260
818
838
194
616
458
191
998
8
808
729
715
425
44
614
550
655
13
683
971
988
29
727
745
840
703
648
417
406
580
627
776
485
500
630
801
111
806
21
997
580
148
455
589
779
327
761
289
843
333
830
420
40
526
735
837
289
33
952
917
287
417
769
884
337
110
571
239
71
924
62
418
704
882
160
265
523
14
231
936
295
250
85
594
499
555
145
390
342
6
949
379
486
897
894
542
105
229
640
376
791
101
705
433
715
797
166
610
227
550
350
198
270
648
524
442
125
417
901
337
778
27
21
612
588
965
22
888
834
53
398
301
547
964
314
929
601
143
401
657
837
270
659
460
485
297
803
909
212
876
976
94
898
347
685
861
789
812
369
936
886
387
559
872
332
525
204
204
375
837
903
328
40
631
450
126
368
184
891
830
531
156
883
237
871
858
615
282
344
211
446
871
931
856
642
901
726
11
612
240
784
377
942
683
237
227
225
143
538
574
176
411
78
466
887
693
614
218
40
692
422
704
928
310
589
620
595
843
599
210
772
113
228
91
50
809
564
337
91
765
599
253
543
753
476
585
636
967
346
113
578
625
470
671
493
347
751
660
479
24
967
995
853
382
720
686
876
604
351
684
870
215
47
228
465
447
656
797
273
748
861
112
210
991
216
76
273
339
354
264
817
610
499
116
516
344
758
757
67
976
958
547
117
943
298
801
463
204
848
658
556
72
591
528
459
964
20
93
617
532
309
220
767
117
222
50
46
375
463
181
260
763
874
149
52
771
848
255
537
722
428
328
620
185
414
22
965
181
366
428
133
228
281
901
243
920
976
385
835
161
809
53
677
460
462
979
623
583
462
776
637
576
493
380
26
653
351
492
998
238
517
227
377
922
482
706
268
816
689
237
709
334
453
698
626
673
790
781
882
99
311
282
738
752
600
704
308
580
153
242
685
561
216
180
497
523
383
924
845
958
334
141
418
323
682
928
227
106
519
30
316
24
985
189
469
484
776
250
44
431
16
192
295
151
86
414
924
668
645
59
143
213
683
754
734
249
700
326
75
153
129
396
926
393
994
840
387
120
343
339
712
253
325
76
281
848
815
47
59
736
673
225
474
356
896
634
318
525
351
661
627
62
48
459
703
602
963
867
464
974
695
253
180
46
875
819
59
325
948
476
386
121
842
896
808
726
399
290
676
236
876
673
348
273
949
672
64
304
691
39
861
687
341
249
851
465
257
608
664
186
216
828
705
953
79
463
518
97
331
929
203
163
184
237
810
328
719
394
337
711
928
55
872
653
416
533
883
660
928
484
233
354
844
242
210
183
46
470
801
481
917
996
478
121
687
883
853
658
536
222
763
64
456
328
687
364
473
282
121
839
358
121
759
932
918
517
11
316
218
330
493
223
35
734
217
518
210
540
565
429
583
721
100
740
621
38
815
628
355
509
681
662
199
812
763
371
608
419
732
146
83
568
664
797
639
531
371
543
571
626
110
500
891
328
480
874
616
611
920
796
144
920
242
578
639
445
858
416
523
292
936
427
155
866
939
999
879
446
645
46
942
859
508
953
617
211
527
395
444
101
488
728
367
102
890
573
345
864
660
653
647
468
211
338
193
836
635
927
891
437
164
317
8
304
984
206
129
376
247
722
662
559
107
811
951
473
471
573
378
839
536
10
195
590
175
989
176
70
330
809
446
564
56
269
852
237
343
895
773
903
33
467
760
261
209
900
89
398
337
606
965
789
463
715
281
157
174
849
423
770
710
141
640
508
810
744
913
366
564
9
660
781
987
495
932
220
616
361
193
768
396
554
908
172
323
428
123
914
159
504
512
373
674
287
131
714
68
219
33
379
663
172
291
2
530
762
192
124
507
928
737
838
718
889
903
909
235
754
965
819
548
98
100
75
383
633
858
159
203
22
537
362
207
463
12
450
270
661
346
861
833
161
269
436
627
535
31
487
754
521
550
609
288
975
336
32
462
738
982
711
256
853
29
216
785
11
979
764
12
170
461
37
447
17
380
310
365
488
460
806
167
146
637
738
939
564
903
355
478
653
812
355
44
726
137
921
668
367
304
923
854
660
575
394
487
414
726
684
532
803
34
984
572
878
497
891
23
976
362
538
19
193
396
862
839
489
815
646
238
695
734
640
148
653
472
186
416
93
57
716
671
885
207
762
184
735
99
53
581
589
799
249
677
47
255
114
928
689
505
760
49
8
892
923
720
148
329
881
901
188
319
592
303
761
954
644
779
702
834
758
562
115
155
210
695
474
422
607
287
932
382
884
583
223
1
290
346
442
443
358
47
902
811
646
254
361
645
192
804
888
787
1000
310
884
315
193
152
650
323
753
202
154
112
256
676
476
773
358
64
146
495
66
807
429
477
717
584
378
103
220
590
977
185
597
633
582
859
451
35
272
397
63
628
552
333
485
171
122
232
369
32
230
6
998
761
155
638
73
228
866
921
517
295
691
149
45
703
214
746
441
402
78
618
652
385
260
964
78
167
870
289
718
800
358
279
509
975
470
430
211
340
845
652
252
908
131
656
350
627
753
219
727
365
590
116
508
86
789
723
440
962
320
871
184
49
327
272
625
894
215
619
742
989
939
632
162
335
432
531
688
889
340
760
122
685
649
303
826
655
387
349
322
911
723
657
511
20
446
80
228
383
628
126
354
762
672
649
318
187
81
891
722
261
595
787
223
268
290
23
452
137
793
662
682
387
924
520
241
875
818
683
691
749
37
276
844
299
724
182
294
598
151
788
397
90
182
421
509
167
220
594
695
686
447
526
384
609
72
599
271
248
626
123
683
863
348
84
644
828
251
807
145
173
65
403
23
159
193
199
23
238
368
825
241
255
100
232
776
161
145
452
91
196
249
15
80
730
249
218
230
925
712
700
649
58
669
907
261
496
863
114
41
662
108
15
934
325
234
162
926
395
651
670
784
440
265
544
903
495
284
497
897
362
438
575
230
445
473
262
740
716
40
262
290
902
929
765
682
90
49
578
523
445
314
708
420
593
532
905
732
30
567
152
18
805
381
336
649
935
331
511
63
979
809
636
649
75
245
639
738
762
836
279
480
951
654
873
189
994
331
216
310
139
776
97
371
909
386
351
709
188
177
228
547
438
647
408
683
238
190
112
532
310
122
943
513
352
409
157
429
875
556
73
524
736
996
171
333
769
776
514
434
45
481
433
570
775
532
262
270
632
727
203
465
563
428
781
758
23
371
692
140
317
522
488
304
779
729
686
687
168
202
982
676
801
158
74
403
519
636
491
922
953
147
614
20
317
327
794
832
654
587
948
562
899
334
722
589
686
509
650
92
265
566
609
600
137
247
388
158
140
452
597
355
41
925
435
775
55
277
842
794
578
7
647
4
844
86
55
431
493
86
952
934
442
362
544
868
319
791
911
619
133
173
593
68
114
562
903
943
785
245
629
299
388
220
948
80
113
761
307
828
831
923
817
353
463
123
714
444
239
341
965
890
671
905
179
765
27
363
726
534
393
390
371
282
821
5
479
157
935
595
64
968
895
768
583
503
761
604
256
328
227
372
736
205
255
434
635
353
466
963
948
544
619
821
334
116
903
94
778
961
681
121
773
946
1000
169
745
629
153
254
766
848
507
676
219
317
667
561
448
382
590
481
345
803
888
771
710
73
778
805
259
479
390
735
541
512
180
551
963
165
117
538
997
962
482
138
494
395
467
832
267
431
265
708
458
9
95
669
678
716
229
490
346
341
322
309
315
272
269
980
847
452
57
724
692
72
933
249
666
16
778
35
761
898
683
590
950
493
774
606
319
518
873
782
590
125
49
392
888
116
546
999
625
914
993
527
102
644
179
453
510
487
81
67
30
329
326
620
155
657
227
574
232
159
91
32
662
269
994
980
251
624
905
584
916
656
156
110
179
35
578
539
124
226
850
693
323
777
358
231
290
387
269
725
570
101
160
108
763
195
471
866
440
752
102
404
527
860
812
263
45
572
452
699
750
923
134
690
593
358
636
559
148
202
646
144
807
82
206
273
217
414
419
582
383
510
615
369
333
246
130
768
133
637
802
925
321
10
822
616
115
963
48
35
274
522
603
239
424
496
954
316
695
598
494
298
372
80
246
137
890
752
25
45
954
570
929
41
359
48
742
346
675
327
949
731
60
188
946
674
491
584
991
106
797
450
470
163
822
510
57
175
77
384
783
860
228
101
194
626
862
595
461
592
470
314
715
64
234
499
15
914
832
704
601
594
972
45
4
650
641
138
897
644
88
5
779
94
694
47
212
162
181
89
358
800
196
96
222
675
165
119
541
715
340
273
549
379
42
984
20
927
418
802
81
97
4
743
219
769
973
29
532
632
111
290
80
243
511
608
406
729
599
481
463
760
91
786
907
91
675
303
645
562
76
293
144
413
33
793
740
647
126
480
71
469
884
619
110
442
614
185
18
384
627
558
684
200
492
264
200
194
879
653
964
473
673
911
909
109
970
709
715
256
996
785
348
640
595
238
795
660
955
146
776
769
339
191
167
82
594
368
749
334
985
255
44
648
761
124
507
681
503
940
77
198
769
487
571
930
418
53
838
584
818
594
250
980
660
434
851
841
785
896
157
863
62
533
851
554
213
886
746
131
402
439
441
44
521
204
515
44
969
735
731
774
503
454
161
771
483
545
260
742
961
743
424
898
69
778
276
157
895
783
166
747
7
69
646
61
26
834
468
515
696
963
926
931
134
817
137
827
825
222
178
15
214
408
580
886
81
490
733
774
742
113
364
894
440
6
342
999
383
878
225
170
855
545
680
548
645
751
991
375
383
935
1
882
545
904
843
814
182
50
398
806
916
697
472
682
344
677
230
582
691
530
996
95
262
150
238
327
380
405
880
430
646
811
282
473
343
869
951
288
482
475
261
838
932
142
127
627
123
832
129
667
995
213
645
691
89
400
504
606
342
70
473
172
169
560
191
576
517
492
420
137
437
714
31
528
198
370
250
965
296
929
499
697
35
174
237
467
896
311
749
477
309
479
776
945
772
795
547
546
27
783
133
237
194
284
216
737
218
735
462
394
488
927
104
245
662
998
75
366
14
76
873
134
595
472
481
72
436
62
584
748
773
30
446
899
765
813
257
548
346
353
912
472
27
562
330
990
928
839
792
830
729
549
421
854
313
751
19
328
130
713
191
884
304
15
540
66
481
686
122
962
767
538
156
455
742
233
959
819
871
591
686
72
693
210
869
410
461
152
468
500
175
639
402
449
32
935
123
119
227
630
312
950
624
383
255
233
136
154
855
421
216
395
665
466
360
299
350
110
450
704
40
357
818
259
930
969
640
941
